100
29.292		
36.245		
1.365		
59.331		
70.279		
88.98		
22.307		
72.429		
47.556		
42.243		
31.393		
46.413		
74.12		
9.108		
71.524		
116.76		
114.522		
84.430		
136.283		
4.163		
90.310		
108.439		
27.305		
121.562		
138.177		
52.238		
65.318		
155.374		
19.566		
50.442		
108.127		
148.320		
2.298		
85.0		
53.20		
128.399		
70.627		
170.46		
180.444		
111.397		
25.597		
221.602		
145.128		
36.58		
166.174		
72.566		
39.464		
26.561		
124.505		
38.462		
249.660		
63.653		
